PREDICTED
[[ 102.26356274   35.62398849   88.08378014   97.40118541   44.94307184]
 [ 102.31167553   35.60799724   88.1015999    97.34002442   44.87327519]
 [ 100.11032027   34.99306582   86.47335133   95.80049844   44.49084798]
 [ 103.35694112   35.88909843   88.80684816   98.01717503   44.98765203]
 [ 100.75009466   35.13989452   86.8924409    96.1677197    44.52084766]
 [ 100.95954613   35.20411904   87.02172579   96.26825407   44.50171755]
 [ 102.09862775   35.52774601   87.87603657   97.15083606   44.77962494]
 [ 101.53961938   35.38380776   87.48409318   96.85265857   44.76765011]
 [ 103.86611786   36.03388898   89.15901391   98.435487     45.12420968]
 [ 104.48245803   36.16731286   89.53760347   98.68111449   45.05213763]
 [ 105.58849274   36.46445412   90.28532556   99.31866705   45.11745394]
 [ 104.67919456   36.18821266   89.62974833   98.65919189   44.9359145 ]
 [ 103.46733332   35.85038326   88.72645244   97.74760629   44.65436179]
 [ 101.59647591   35.3877778    87.38298186   96.59083554   44.45420487]
 [ 101.58220907   35.33605132   87.2853188    96.32212323   44.20314004]
 [ 101.96164641   35.40918494   87.5063542    96.42062183   44.11155365]
 [ 100.85696948   35.07193879   86.6496033    95.5200023    43.80763424]
 [ 102.48826828   35.5050454    87.75407202   96.55420892   43.97029125]
 [ 103.37388975   35.75872332   88.41018714   97.18893316   44.14583191]
 [  96.55975152   33.72883419   83.16605801   91.55063717   42.14982457]
 [  96.80691232   33.73223858   83.25759929   91.5448449    42.02290686]
 [  96.17593472   33.575869     82.85197163   91.29693272   42.10995444]
 [  95.18282394   33.3826332    82.1855674    90.70290952   42.03055334]
 [  94.32618212   33.19727689   81.58899392   90.1712432    41.93971753]
 [  94.06886853   33.19110567   81.48278507   90.16048817   42.04989778]
 [  94.46021205   33.34666721   81.91427908   90.77175619   42.45539207]
 [  94.98982098   33.50221434   82.33406698   91.20542845   42.61021977]
 [  95.13259964   33.56923676   82.50704177   91.49590863   42.81750859]
 [  93.6554846    33.16059107   81.42983337   90.39708779   42.51565253]
 [  94.63743179   33.41885218   82.10468497   91.01398443   42.60578282]
 [  93.91684248   33.21645102   81.56682977   90.45752589   42.4363014 ]
 [  94.187476     33.26591138   81.73100816   90.57788106   42.41759424]
 [  93.59211271   33.11983109   81.31579307   90.1994699    42.35143187]
 [  93.30088035   33.04014042   81.09575929   89.95639983   42.26487203]
 [  92.60911517   32.84438291   80.56895354   89.41356445   42.089374  ]
 [  92.05085554   32.66994084   80.08719481   88.84476869   41.81608695]
 [  92.81511851   32.87867449   80.65779254   89.38787795   41.96592865]
 [  92.74236218   32.84139926   80.55336514   89.21893935   41.83508723]
 [  93.5534704    33.01956292   81.13487801   89.83981017   42.01789599]
 [  96.80338477   33.89930744   83.49280592   92.26217328   42.69625466]
 [  93.75244889   33.0379114    81.28153318   90.25834307   42.29383732]
 [  93.54400827   32.9838959    81.13307145   90.18522286   42.31546812]
 [  96.77469768   33.84989315   83.41723966   92.22039819   42.66357139]
 [  97.90825099   34.1370085    84.19923851   92.88791981   42.73116465]
 [  96.92417079   33.86451983   83.52805941   92.27445649   42.65309735]]
ACTUAL
[[ 112.807129   32.030099  112.215444  105.620003   45.479226]
 [ 112.279389   31.814142  111.467341  104.309998   45.419994]
 [ 107.26087    30.812894  108.35523   101.050003   44.324231]
 [ 111.861173   30.734365  110.419994  103.900002   44.768457]
 [ 109.899576   30.508594  110.849998  103.389999   45.133715]
 [ 108.804259   30.204294  109.690002  102.160004   44.245255]
 [ 111.831302   30.518411  111.75      105.040001   45.291663]
 [ 109.680513   30.076683  109.860001  103.860001   44.807945]
 [ 112.090196   29.939258  110.379997  104.989998   44.877047]
 [ 113.723205   29.546612  111.82      105.57       45.143585]
 [ 114.818515   29.311025  111.889999  105.25       45.064613]
 [ 115.784382   29.634958  113.839996  106.489998   45.775378]
 [ 115.913833   30.125765  115.580002  107.089996   45.597686]
 [ 113.434441   30.263191  115.269997  107.129997   44.649997]
 [ 112.966443   29.821463  115.050003  105.349998   43.998461]
 [ 114.718943   30.106132  116.559998  105.68       44.225511]
 [ 112.91666    29.556428  115.970001  104.099998   43.860257]
 [ 113.832737   28.525732  115.43      104.18       43.416026]
 [ 114.509839   28.800584  114.790001  103.800003   43.524616]
 [ 114.221074   28.879114  125.        102.919998   43.65295 ]
 [ 111.960753   27.043493  122.139999   99.989998   43.179106]
 [ 108.595155   25.679048  119.669998   99.470001   42.971796]
 [ 109.829875   27.171104  122.970001  101.760002   42.952052]
 [ 109.112942   27.612829  123.830002  102.220001   42.409106]
 [ 109.909528   29.085252  125.209999  104.010002   42.290646]
 [ 110.307825   30.380985  124.269997  105.5        43.43577 ]
 [ 110.835564   31.195726  123.190002  105.         43.495002]
 [ 110.307825   31.549106  122.099998  105.629997   43.849998]
 [ 109.033282   32.079179  124.910004  106.050003   44.23    ]
 [ 111.642117   31.755244  124.940002  106.529999   44.16    ]
 [ 111.124329   31.696349  126.43      106.790001   44.299999]
 [ 111.313522   30.90124   125.809998  106.099998   44.360001]
 [ 109.740254   31.146644  125.839996  105.93       43.990002]
 [ 111.383223   31.637451  128.789993  107.669998   44.669998]
 [ 110.566719   31.617818  130.470001  108.120003   44.700001]
 [ 111.25378    31.136827  133.210007  108.739998   44.700001]
 [ 113.285078   31.342967  132.369995  108.18       45.240002]
 [ 113.275126   30.842344  132.470001  107.519997   44.860001]
 [ 115.007708   29.203046  132.410004  109.709999   45.889999]
 [ 118.572451   28.692606  130.529999  112.779999   46.16    ]
 [ 114.788644   27.053309  131.380005  112.849998   46.360001]
 [ 114.06176    26.778458  130.820007  113.080002   46.169998]
 [ 118.761636   27.23      131.289993  114.019997   46.48    ]
 [ 120.016268   27.200001  131.119995  113.839996   46.400002]
 [ 118.990659   27.35      131.029999  113.330002   46.880001]]
